112
101
170
80
84
773
118
97
95
103
128
320
472
120
136
109
905
164
85
113
214
104
236
802
972
972
143
114
334
136
161
88
120
140
124
96
144
182
108
88
144
352
204
128
320
467
86
348
305
195
118
168
384
117
184
120
920
108
124
236
159
288
92
80
80
139
242
469
234
144
112
96
80
276
102
176
173
224
199
164
516
98
928
144
354
82
121
198
310
187
81
224
120
84
160
176
822
296
177
214
172
692
360
85
100
144
349
1421
266
480
240
400
108
101
728
386
252
187
92
240
366
133
148
437
116
136
153
110
327
96
138
176
80
219
252
152
164
352
147
748
314
136
182
171
160
195
125
147
101
514
152
118
416
378
228
280
116
211
181
255
173
108
84
201
836
80
292
244
440
370
120
209
160
703
88
172
167
91
156
157
152
139
153
219
133
464
307
110
141
105
172
217
118
252
81
92
96
500
1104
152
92
88
388
830
838
311
139
110
632
94
140
1218
96
92
92
296
136
433
305
318
256
924
104
149
258
160
323
310
109
359
335
111
96
301
243
353
383
340
647
352
700
457
416
330
172
122
87
205
136
320
96
304
240
138
108
133
650
340
91
1149
313
133
320
279
440
167
533
176
1034
1666
157
240
102
82
84
88
81
88
114
104
355
89
126
358
196
116
85
229
80
142
136
296
182
360
97
116
126
630
81
177
184
368
512
115
115
806
338
228
224
120
116
83
494
192
293
85
90
101
125
156
308
96
159
1096
392
200
116
195
361
80
186
248
226
176
98
324
248
331
83
88
126
479
172
128
92
142
372
254
140
80
406
120
168
288
438
120
224
304
81
216
172
176
210
194
103
245
313
114
130
128
168
88
414
168
133
122
111
200
580
240
158
176
91
195
138
99
238
149
167
158
144
601
87
361
339
83
149
224
120
98
347
316
200
119
135
420
200
142
149
83
180
101
92
80
226
114
112
116
177
245
466
145
144
240
224
264
328
152
129
80
192
83
294
194
520
224
210
377
248
156
174
276
159
85
489
289
387
187
400
268
137
468
203
226
126
387
96
98
92
85
119
183
94
564
195
134
155
97
231
82
191
84
106
773
183
231
332
105
97
170
141
156
390
204
348
266
328
203
156
177
335
112
704
121
93
256
380
116
379
171
212
99
99
99
326
130
643
388
337
93
592
200
321
92
92
177
158
208
115
180
199
295
253
175
396
245
284
123
477
219
307
130
148
343
95
243
250
120
411
108
710
115
131
132
183
140
151
108
438
80
121
384
223
116
389
332
440
396
320
109
222
740
94
292
172
123
232
226
116
189
143
120
