050 0.05 0.25 15.425000 \pm 1.514719
050 0.05 0.50 10.800000 \pm 1.326650
050 0.05 0.75 8.275000 \pm 0.974359
050 0.05 1.00 6.125000 \pm 1.004677
050 0.10 0.25 9.400000 \pm 0.916515
050 0.10 0.50 6.150000 \pm 0.653835
050 0.10 0.75 4.325000 \pm 0.647592
050 0.10 1.00 3.150000 \pm 0.572276
050 0.15 0.25 6.825000 \pm 0.770957
050 0.15 0.50 4.275000 \pm 0.547152
050 0.15 0.75 3.050000 \pm 0.444410
050 0.15 1.00 2.050000 \pm 0.444410
050 0.20 0.25 5.025000 \pm 0.851102
050 0.20 0.50 3.425000 \pm 0.494343
050 0.20 0.75 2.350000 \pm 0.476970
050 0.20 1.00 1.500000 \pm 0.500000
100 0.05 0.25 16.450000 \pm 1.223724
100 0.05 0.50 10.275000 \pm 0.894078
100 0.05 0.75 6.975000 \pm 0.724137
100 0.05 1.00 4.475000 \pm 0.836286
100 0.10 0.25 8.600000 \pm 0.663325
100 0.10 0.50 5.350000 \pm 0.653835
100 0.10 0.75 3.500000 \pm 0.547723
100 0.10 1.00 1.950000 \pm 0.630476
100 0.15 0.25 5.925000 \pm 0.720677
100 0.15 0.50 3.675000 \pm 0.519013
100 0.15 0.75 2.375000 \pm 0.484123
100 0.15 1.00 1.250000 \pm 0.433013
100 0.20 0.25 4.350000 \pm 0.526783
100 0.20 0.50 2.850000 \pm 0.476970
100 0.20 0.75 1.550000 \pm 0.497494
100 0.20 1.00 0.975000 \pm 0.156125
150 0.05 0.25 17.025000 \pm 1.293976
150 0.05 0.50 10.500000 \pm 0.921954
150 0.05 0.75 7.200000 \pm 0.842615
150 0.05 1.00 4.500000 \pm 0.774597
150 0.10 0.25 8.875000 \pm 0.713705
150 0.10 0.50 5.525000 \pm 0.631961
150 0.10 0.75 3.575000 \pm 0.586835
150 0.10 1.00 2.025000 \pm 0.523808
150 0.15 0.25 6.225000 \pm 0.651441
150 0.15 0.50 3.750000 \pm 0.433013
150 0.15 0.75 2.300000 \pm 0.458258
150 0.15 1.00 1.025000 \pm 0.272718
150 0.20 0.25 4.375000 \pm 0.484123
150 0.20 0.50 2.975000 \pm 0.417582
150 0.20 0.75 1.600000 \pm 0.489898
150 0.20 1.00 0.825000 \pm 0.379967
200 0.05 0.25 17.550000 \pm 0.920598
200 0.05 0.50 10.675000 \pm 0.877140
200 0.05 0.75 7.225000 \pm 0.688749
200 0.05 1.00 4.425000 \pm 0.891277
200 0.10 0.25 9.050000 \pm 0.589491
200 0.10 0.50 5.375000 \pm 0.619980
200 0.10 0.75 3.550000 \pm 0.589491
200 0.10 1.00 1.950000 \pm 0.630476
200 0.15 0.25 6.075000 \pm 0.565133
200 0.15 0.50 3.850000 \pm 0.357071
200 0.15 0.75 2.450000 \pm 0.497494
200 0.15 1.00 1.150000 \pm 0.357071
200 0.20 0.25 4.250000 \pm 0.433013
200 0.20 0.50 2.875000 \pm 0.330719
200 0.20 0.75 1.625000 \pm 0.484123
200 0.20 1.00 0.800000 \pm 0.400000
