# Time: 1219.469971
# Input_file: ./out_prob_geo
# Pool_size: 400
# Iterations: 19
# Vision_range: 800
# Dissimilitude: MEAN_GEOMETRIC_ERROR
SOLUTION:
  Value: 32710386
  Facilities: 14
    25 :   3  12  13  14  15  16  17  18  19  20  21  22  23  24  25  26  27  28  30  32  33  34  35  36  50  55  59  83
    78 :  37  38  40  52  75  76  77  78  79  80  81  82  84  85  86  87  88  89  90  91  92
    93 :   2   4   5   7   8   9  10  29  54  60  61  93  94  95  96  97  98  99 100 101 102 103 104 105
   112 : 106 107 110 112 113 114 115 116 117 118 124 127 132
   150 :  41  42  43  44  45  46  47  48 120 121 122 125 126 128 130 131 133 134 136 141 146 150 151 152 157 160 162 229
   199 : 148 154 161 163 166 168 172 173 177 178 181 182 188 189 190 192 199 201 205 214 217 220 225 232 233 236 245 246 248 250 253 258 261 262 265
   203 : 138 139 143 147 149 155 156 165 167 170 175 176 183 184 187 196 197 198 203 204 209 210 213 216 228 231 234 237 238 240 244 247 254 257 266 277 284 288 290 298 310 318 337 338
   206 : 135 137 140 144 145 153 158 159 169 171 174 179 180 191 200 206 211 215 218 219 222 235 239 242 249 256 259 260 263 269 271 272 274 275 276 293 294 296
   243 : 142 164 185 186 193 194 195 202 207 208 212 221 223 224 226 227 230 241 243 251 255 270 280 281 508 512 514 521 527 529 537 538 540 543 544 546 551 553 557 558 559 563
   328 : 267 268 278 282 283 291 295 299 303 306 307 308 313 317 321 325 327 328 330 331 332 341 342 346 347 349 351 354 357 359 360 361 366 376 496 506 513 519 524 528 550
   336 : 252 264 273 279 285 286 287 289 292 297 300 302 304 305 309 312 314 319 320 322 323 324 326 334 336 339 340 343 344 345 348 350 352 355 356 358 362 363 364 365 367 368 369 370 371 374 375 377 378 379 380 384 392 399 400 408
   411 : 301 315 316 329 333 335 353 372 373 381 382 383 385 386 387 388 389 390 391 394 396 397 398 401 402 403 404 407 410 411 414 416 420 422 424 425 426 428 430 431 433 434 435 436 437 439 443 444 446 448 450 452 454 455 456 457 458 459
   441 : 393 395 405 406 409 412 413 415 417 418 419 421 423 427 429 432 438 440 441 442 445 447 449 451 453 486 501 505 507 511 518 530 560
   483 : 473 477 481 483 484 485 488 489 491 492 494 497 498 499 502 503 504 509 510 515 522 526 533 536 541 542 545 547 552 554 555 556 561 562 567
SOLUTION:
  Value: 32600879
  Facilities: 13
    25 :   3  12  13  14  15  16  17  18  19  20  21  22  23  24  25  26  27  28  30  32  33  34  35  36  50  55  59  83
    78 :  37  38  40  52  75  76  77  78  79  80  81  82  84  85  86  87  88  89  90  91  92
    93 :   2   4   5   7   8   9  10  29  47  54  60  61  93  94  95  96  97  98  99 100 101 102 103 104 105
   112 : 106 107 110 112 113 114 115 116 117 118 124 127 132
   199 : 148 154 161 163 166 168 172 173 177 178 181 182 188 189 190 192 199 201 205 214 217 220 225 232 233 236 245 246 248 250 253 258 261 262 265
   203 : 138 139 143 147 149 155 156 165 167 170 175 176 183 184 187 196 197 198 203 204 209 210 213 216 228 231 234 237 238 240 244 247 254 257 266 277 284 288 290 298 310 318 337 338
   206 : 135 137 140 144 145 153 158 159 160 169 171 174 179 180 191 200 206 211 215 218 219 222 235 239 242 249 256 259 260 263 269 271 272 274 275 276 293 294 296
   243 : 142 164 185 186 193 194 195 202 207 208 212 221 223 224 226 227 230 241 243 251 255 270 280 281 508 512 514 521 527 529 537 538 540 543 544 546 551 553 557 558 559 563
   328 : 267 268 278 282 283 291 295 299 303 306 307 308 313 317 321 325 327 328 330 331 332 341 342 346 347 349 351 354 357 359 360 361 366 376 496 506 513 519 524 528 550
   336 : 252 264 273 279 285 286 287 289 292 297 300 302 304 305 309 312 314 319 320 322 323 324 326 334 336 339 340 343 344 345 348 350 352 355 356 358 362 363 364 365 367 368 369 370 371 374 375 377 378 379 380 384 392 399 400 408
   411 : 301 315 316 329 333 335 353 372 373 381 382 383 385 386 387 388 389 390 391 394 396 397 398 401 402 403 404 407 410 411 414 416 420 422 424 425 426 428 430 431 433 434 435 436 437 439 443 444 446 448 450 452 454 455 456 457 458 459
   441 : 393 395 405 406 409 412 413 415 417 418 419 421 423 427 429 432 438 440 441 442 445 447 449 451 453 486 501 505 507 511 518 530 560
   483 : 473 477 481 483 484 485 488 489 491 492 494 497 498 499 502 503 504 509 510 515 522 526 533 536 541 542 545 547 552 554 555 556 561 562 567
SOLUTION:
  Value: 32522054
  Facilities: 14
    25 :   3  12  13  14  15  16  17  18  19  20  21  22  23  24  25  26  27  28  30  32  33  34  35  36  50  55  59  83
    78 :  37  38  40  52  75  76  77  78  79  80  81  82  84  85  86  87  88  89  90  91  92
    93 :   2   4   5   7   8   9  10  29  47  54  60  61  93  94  95  96  97  98  99 100 101 102 103 104 105
   112 : 106 107 110 112 113 114 115 116 117 118 124 127 132
   141 :  44  45  48 120 121 122 125 126 128 129 130 131 133 134 136 137 140 141 144 145 146 150 151 152 157 160 162 229
   199 : 148 154 161 163 166 168 172 173 177 178 181 182 188 189 190 192 199 201 205 217 220 225 233 236 245 248 253 258 261 262 265 278
   204 : 138 139 143 147 149 155 156 165 167 170 175 176 183 184 187 196 197 198 203 204 209 210 213 216 228 231 237 238 240 244 247 257 266 277 284 288 310 318
   224 : 142 164 185 186 193 194 195 212 223 224 226 230 243 255 270 508 512 514 517 521 527 529 535 537 540 543 546 551 553 558 559 563
   242 : 135 153 158 159 169 171 174 179 180 191 200 206 211 215 218 219 222 235 239 242 249 256 259 260 263 269 271 272 274 275 276 293 294 296 338
   291 : 202 207 208 214 221 227 241 250 251 267 268 280 281 282 283 291 295 299 303 306 307 308 313 317 321 325 327 328 330 331 332 341 342 346 347 349 354 357 359 360 361 366 496 513 524 528 538 544 550 557
   302 : 232 234 246 252 254 264 273 279 285 286 287 289 290 292 297 298 300 302 304 305 309 312 314 319 320 322 323 324 326 334 336 337 339 340 343 344 345 350 352 355 356 358 362 363 364 367 369 370 374 375 378 380
   411 : 301 315 316 329 333 335 353 372 373 381 382 383 385 386 387 388 389 390 391 394 396 397 398 401 402 403 404 407 410 411 414 416 420 422 424 425 426 428 430 431 433 434 435 436 437 439 443 444 446 448 450 452 454 455 456 457 458 459
   417 : 348 351 365 368 371 376 377 379 384 392 393 395 399 400 405 406 408 409 412 413 415 417 418 419 421 423 427 429 432 438 440 441 442 445 447 449 451 453 486 501 505 506 507 511 518 519 560
   554 : 461 464 468 473 477 478 481 483 484 485 488 489 491 494 497 498 499 502 503 504 509 510 515 526 533 536 541 542 545 548 552 554 555 556 561 562 569
SOLUTION:
  Value: 32438408
  Facilities: 14
    25 :   3  12  13  14  15  16  17  18  19  20  21  22  23  24  25  26  27  28  30  32  33  34  35  36  50  55  59  83
    44 :  31  41  42  43  44  45  46  47  48 136 146 150 162 229 311
    78 :  37  38  40  52  75  76  77  78  79  80  81  82  84  85  86  87  88  89  90  91  92
    93 :   2   4   5   7   8   9  10  29  54  60  61  93  94  95  96  97  98  99 100 101 102 103 104 105
   112 : 106 107 110 112 113 114 115 116 117 118 124 127 132
   131 : 120 121 122 125 126 128 129 130 131 133 134 135 137 140 141 144 145 151 152 157 160
   204 : 138 139 143 147 149 155 156 165 167 170 175 176 183 184 187 196 197 198 200 203 204 209 210 213 216 228 231 237 238 240 244 247 257 266 277 284 288 290 310 318 337 358 367
   224 : 142 164 185 186 193 194 195 212 223 224 226 230 243 255 270 508 512 514 517 521 527 529 535 537 540 543 546 551 553 558 559 563
   259 : 153 158 159 169 171 174 179 180 191 206 211 215 218 219 222 235 239 242 249 256 259 260 263 269 271 272 274 275 276 293 294 296 338
   279 : 148 154 161 163 166 168 177 178 181 182 188 189 190 199 201 217 225 232 233 234 236 245 246 248 252 254 258 261 264 265 273 278 279 285 286 287 289 292 297 298 300 302 304 305 309 312 314 319 320 322 323 324 326 331 334 336 339 340 343 344 345 350 352 355 356 364 369 370 375
   281 : 172 173 192 202 205 207 208 214 220 221 227 241 250 251 253 262 267 268 280 281 282 283 291 295 299 303 306 307 308 313 317 321 325 327 328 330 332 341 346 354 357 360 361 496 513 524 528 538 544 550
   411 : 301 315 316 329 333 335 353 372 373 381 382 383 385 386 387 388 389 390 391 394 396 397 398 401 402 403 404 407 410 411 414 416 420 422 424 425 426 428 430 431 433 434 435 436 437 439 443 444 446 448 450 452 454 455 456 457 458 459
   412 : 342 347 348 349 351 359 362 363 365 366 368 371 374 376 377 379 380 384 392 393 395 399 400 405 406 408 409 412 413 415 417 418 419 421 423 427 429 432 438 440 441 442 445 447 449 451 453 486 501 506 507 511 518 519 560
   473 : 473 477 481 483 484 485 488 489 491 492 494 497 498 499 502 503 504 505 509 510 515 522 526 533 541 542 545 547 552 554 555 556 557 567
SOLUTION:
  Value: 32426991
  Facilities: 13
    25 :   3  12  13  14  15  16  17  18  19  20  21  22  23  24  25  26  27  28  30  32  33  34  35  36  50  55  59  83
    44 :  31  41  42  43  44  45  46  47  48 134 136 141 146 150 151 152 157 162 229 311
    78 :  37  38  40  52  75  76  77  78  79  80  81  82  84  85  86  87  88  89  90  91  92
    93 :   2   4   5   7   8   9  10  29  54  60  61  93  94  95  96  97  98  99 100 101 102 103 104 105
   112 : 106 107 110 112 113 114 115 116 117 118 124 127 132
   204 : 138 139 143 147 149 155 156 165 167 170 175 176 183 184 187 196 197 198 200 203 204 209 210 213 216 228 231 237 238 240 244 247 257 266 277 284 288 290 310 318 337 358 367
   224 : 142 164 185 186 193 194 195 212 223 224 226 230 243 255 270 508 512 514 517 521 527 529 535 537 540 543 546 551 553 558 559 563
   259 : 144 145 153 158 159 160 169 171 174 179 180 191 206 211 215 218 219 222 235 239 242 249 256 259 260 263 269 271 272 274 275 276 293 294 296 338
   279 : 148 154 161 163 166 168 177 178 181 182 188 189 190 199 201 217 225 232 233 234 236 245 246 248 252 254 258 261 264 265 273 278 279 285 286 287 289 292 297 298 300 302 304 305 309 312 314 319 320 322 323 324 326 331 334 336 339 340 343 344 345 350 352 355 356 364 369 370 375
   281 : 172 173 192 202 205 207 208 214 220 221 227 241 250 251 253 262 267 268 280 281 282 283 291 295 299 303 306 307 308 313 317 321 325 327 328 330 332 341 346 354 357 360 361 496 513 524 528 538 544 550
   411 : 301 315 316 329 333 335 353 372 373 381 382 383 385 386 387 388 389 390 391 394 396 397 398 401 402 403 404 407 410 411 414 416 420 422 424 425 426 428 430 431 433 434 435 436 437 439 443 444 446 448 450 452 454 455 456 457 458 459
   412 : 342 347 348 349 351 359 362 363 365 366 368 371 374 376 377 379 380 384 392 393 395 399 400 405 406 408 409 412 413 415 417 418 419 421 423 427 429 432 438 440 441 442 445 447 449 451 453 486 501 506 507 511 518 519 560
   473 : 473 477 481 483 484 485 488 489 491 492 494 497 498 499 502 503 504 505 509 510 515 522 526 533 541 542 545 547 552 554 555 556 557 567
SOLUTION:
  Value: 32352767
  Facilities: 15
    25 :   3  12  13  14  15  16  17  18  19  20  21  22  23  24  25  26  27  28  30  32  33  34  35  36  50  55  59  83
    78 :  37  38  40  52  75  76  77  78  79  80  81  82  84  85  86  87  88  89  90  91  92
    98 :   2   4   5   7   8   9  10  29  31  41  42  47  54  60  93  94  95  96  97  98  99 100 101 102 103 104 105
   112 : 106 107 110 112 113 114 115 116 117 118 124 127 132
   141 :  44  45  48 120 121 122 125 126 128 129 130 131 133 134 136 137 140 141 144 145 146 150 151 152 157 160 162 229
   199 : 148 154 161 163 166 168 172 173 177 178 181 182 188 189 190 192 199 201 205 217 220 225 233 236 245 248 250 253 258 261 262 265 278
   202 : 142 164 186 193 202 207 208 214 221 227 241 243 251 267 268 281 282
   204 : 138 139 143 147 149 155 156 165 167 170 175 176 183 184 187 196 197 198 200 203 204 209 210 213 216 228 231 237 238 240 244 247 257 266 277 284 288 310 318
   259 : 153 158 159 169 171 174 179 180 191 206 211 215 218 219 222 235 239 242 249 256 259 260 263 269 271 272 274 275 276 293 294 296 338
   302 : 232 234 246 252 254 264 273 279 285 286 287 289 290 292 297 298 300 302 304 305 309 312 314 319 320 322 323 324 326 334 336 337 339 340 343 344 345 350 352 355 356 358 363 364 367 369 370 375 378
   357 : 283 291 295 299 303 306 307 308 313 317 321 325 327 328 330 331 332 341 342 346 347 348 349 351 354 357 359 360 361 365 366 376 393 486 501 506 511 513 519 524 528 550 560
   411 : 301 315 316 329 333 335 353 372 373 381 382 383 385 386 387 388 389 390 391 394 396 397 398 401 402 403 404 407 410 411 414 416 420 422 424 425 426 428 430 431 433 434 435 436 437 439 443 444 446 448 450 452 454 455 456 457 458 459
   418 : 362 368 371 374 377 379 380 384 392 395 399 400 405 406 408 409 412 413 415 417 418 419 421 423 427 429 432 438 440 441 442 445 447 449 451 453 507 518
   473 : 473 477 481 483 484 485 488 489 491 492 494 497 498 499 502 503 504 505 509 510 515 522 526 533 541 542 545 547 552 554 555 556 567
   551 : 185 194 195 212 223 224 226 230 255 270 280 496 508 512 514 521 527 529 535 537 538 540 543 544 546 551 553 557 558 559 563
SOLUTION:
  Value: 32338930
  Facilities: 14
    25 :   3  12  13  14  15  16  17  18  19  20  21  22  23  24  25  26  27  28  30  32  33  34  35  36  50  55  59  83
    78 :  37  38  40  52  75  76  77  78  79  80  81  82  84  85  86  87  88  89  90  91  92
    93 :   2   4   5   7   8   9  10  29  47  54  60  61  93  94  95  96  97  98  99 100 101 102 103 104 105
   112 : 106 107 110 112 113 114 115 116 117 118 124 127 132
   141 :  44  45  48 120 121 122 125 126 128 129 130 131 133 134 136 137 140 141 144 145 146 150 151 152 157 160 162 229
   203 : 138 139 143 147 149 155 156 165 167 170 175 176 183 184 187 196 197 198 200 203 204 209 210 213 216 228 231 237 238 240 244 247 257 266 277 284 288 290 310 318 337 367
   224 : 142 164 185 186 193 194 195 212 223 224 226 230 243 255 270 508 512 514 517 521 527 529 535 537 540 543 546 551 553 558 559 563
   259 : 153 158 159 169 171 174 179 180 191 206 211 215 218 219 222 235 239 242 249 256 259 260 263 269 271 272 274 275 276 293 294 296 338
   281 : 172 173 192 202 205 207 208 214 220 221 225 227 241 250 251 253 262 267 268 280 281 282 283 291 295 299 303 306 307 308 313 317 321 325 327 328 330 332 341 346 354 357 360 361 496 513 524 528 538 544 550
   285 : 154 161 163 166 168 177 178 181 182 188 189 190 199 201 217 232 233 234 236 245 246 248 252 254 258 261 264 265 273 278 279 285 286 287 289 292 297 298 300 302 304 305 309 312 314 319 320 322 323 324 326 331 334 336 339 340 343 344 345 350 352 355 356 358 363 364 369 370 375 378
   411 : 301 315 316 329 333 335 353 372 373 381 382 383 385 386 387 388 389 390 391 394 396 397 398 401 402 403 404 407 410 411 414 416 420 422 424 425 426 428 430 431 433 434 435 436 437 439 443 444 446 448 450 452 454 455 456 457 458 459
   412 : 342 347 348 349 351 359 362 365 366 368 371 374 376 377 379 380 384 392 393 395 399 400 405 406 408 409 412 413 415 417 418 419 421 423 427 429 432 438 440 441 442 445 447 449 451 453 486 501 506 507 511 518 519 560
   473 : 473 481 483 485 488 489 491 492 494 497 498 499 502 503 504 505 509 510 515 522 526 533 541 542 545 547 554 555 556 557 567
   561 : 464 468 477 484 536 548 552 561 562 569
SOLUTION:
  Value: 32317392
  Facilities: 14
     2 :   2   3   4   5   6   7   8   9  10  11  19  29  93  96  97  98  99 100 102 103 104
    25 :  12  13  14  15  16  17  18  20  21  22  23  24  25  26  27  28  30  32  33  34  35  36  50  55  59  83
    78 :  37  38  40  52  75  76  77  78  79  80  81  82  84  85  86  87  88  89  90  91  92
   112 : 106 107 110 112 113 114 115 116 117 118 124 127 132
   141 :  44  45  48 120 121 122 125 126 128 129 130 131 133 134 136 137 140 141 144 145 146 150 151 152 157 160 162 229
   183 : 138 139 143 147 149 155 156 165 167 170 175 176 183 184 187 196 197 198 200 203 204 209 210 213 216 228 231 234 237 238 240 244 247 257 266 277 284 288 310 318 338
   199 : 148 154 161 163 166 168 172 173 177 178 181 182 188 189 190 192 199 201 205 217 220 225 232 233 236 245 246 248 250 253 258 261 262 265 278 292
   224 : 142 164 185 186 193 194 195 212 223 224 226 230 243 255 270 508 512 514 517 521 527 529 535 537 540 543 546 551 553 558 559 563
   263 : 153 158 159 169 171 174 179 180 191 206 211 215 218 219 222 235 239 242 249 256 259 260 263 269 271 272 274 275 276 293 294 296 301 333 335
   281 : 202 207 208 214 221 227 241 251 267 268 280 281 282 283 291 295 299 303 306 307 308 313 317 321 325 327 328 330 331 332 341 342 346 354 357 360 361 496 513 524 528 538 544 550
   334 : 252 254 264 273 279 285 286 287 289 290 297 298 300 302 304 305 309 312 314 319 320 322 323 324 326 334 336 337 339 340 343 344 345 348 350 352 355 356 358 362 363 364 367 368 369 370 371 374 375 378 380 384 392 400 408 421
   422 : 315 316 329 353 372 373 381 382 383 385 386 387 388 389 390 391 394 396 397 398 401 402 403 404 407 410 411 414 416 420 422 424 425 426 428 430 431 433 434 435 436 437 439 443 444 446 448 450 452 454 455 456 457 458 459
   423 : 347 349 351 359 365 366 376 377 379 393 395 399 405 406 409 412 413 415 417 418 419 423 427 429 432 438 440 441 442 445 447 449 451 453 486 501 505 506 507 511 518 519 560
   473 : 473 477 481 483 484 485 488 489 491 492 494 497 498 499 502 503 504 509 510 515 522 526 533 541 542 545 547 552 554 555 556 557 567
SOLUTION:
  Value: 32280163
  Facilities: 13
    25 :   3  12  13  14  15  16  17  18  19  20  21  22  23  24  25  26  27  28  30  32  33  34  35  36  50  55  59  83
    78 :  37  38  40  52  75  76  77  78  79  80  81  82  84  85  86  87  88  89  90  91  92
    93 :   2   4   5   7   8   9  10  29  47  54  60  61  93  94  95  96  97  98  99 100 101 102 103 104 105
   112 : 106 107 110 112 113 114 115 116 117 118 124 127 132
   199 : 148 154 161 163 166 168 172 173 177 178 181 182 188 189 190 192 199 201 205 217 220 225 233 236 245 248 253 258 261 262 265 278
   204 : 138 139 143 147 149 155 156 165 167 170 175 176 183 184 187 196 197 198 203 204 209 210 213 216 228 231 237 238 240 244 247 257 266 277 284 288 310 318
   224 : 142 164 185 186 193 194 195 212 223 224 226 230 243 255 270 508 512 514 517 521 527 529 535 537 540 543 546 551 553 558 559 563
   242 : 135 140 144 145 153 158 159 160 169 171 174 179 180 191 200 206 211 215 218 219 222 235 239 242 249 256 259 260 263 269 271 272 274 275 276 293 294 296 338
   291 : 202 207 208 214 221 227 241 250 251 267 268 280 281 282 283 291 295 299 303 306 307 308 313 317 321 325 327 328 330 331 332 341 342 346 347 349 354 357 359 360 361 366 496 513 524 528 538 544 550 557
   302 : 232 234 246 252 254 264 273 279 285 286 287 289 290 292 297 298 300 302 304 305 309 312 314 319 320 322 323 324 326 334 336 337 339 340 343 344 345 350 352 355 356 358 362 363 364 367 369 370 374 375 378 380
   411 : 301 315 316 329 333 335 353 372 373 381 382 383 385 386 387 388 389 390 391 394 396 397 398 401 402 403 404 407 410 411 414 416 420 422 424 425 426 428 430 431 433 434 435 436 437 439 443 444 446 448 450 452 454 455 456 457 458 459
   417 : 348 351 365 368 371 376 377 379 384 392 393 395 399 400 405 406 408 409 412 413 415 417 418 419 421 423 427 429 432 438 440 441 442 445 447 449 451 453 486 501 505 506 507 511 518 519 560
   554 : 461 464 468 473 477 478 481 483 484 485 488 489 491 494 497 498 499 502 503 504 509 510 515 526 533 536 541 542 545 548 552 554 555 556 561 562 569
SOLUTION:
  Value: 32270942
  Facilities: 14
    20 :  12  13  14  15  16  17  18  20  21  22  23  24  25  26  27  28  30  33  34  35  36  50  53  55  56  58  59  83
    78 :  37  38  40  52  75  76  77  78  79  80  81  82  84  85  86  87  88  89  90  91  92
    93 :   2   4   5   7   8   9  10  29  47  54  60  61  93  94  95  96  97  98  99 100 101 102 103 104 105
   112 : 106 107 110 112 113 114 115 116 117 118 124 127 132
   141 :  44  45  48 120 121 122 125 126 128 129 130 131 133 134 136 137 140 141 144 145 146 150 151 152 157 160 162 229
   192 : 148 154 161 163 166 168 172 173 178 181 182 188 189 190 192 199 201 202 205 207 208 214 217 220 221 225 227 233 245 250 253 258 261 262 265 267 278
   204 : 138 139 143 147 149 155 156 165 167 170 175 176 183 184 187 196 197 198 200 203 204 209 210 213 216 228 231 237 238 240 244 247 257 266 277 284 288 310 318
   224 : 142 164 185 186 193 194 195 212 223 224 226 230 243 255 508 512 514 517 527 529 535 537 540 543 546 551 553 558 559 563
   259 : 153 158 159 169 171 174 179 180 191 206 211 215 218 219 222 235 239 242 249 256 259 260 263 269 271 272 274 275 276 293 294 296 338
   302 : 177 232 234 236 246 248 252 254 264 273 279 285 286 287 289 290 292 297 298 300 302 304 305 309 312 314 319 320 322 323 324 326 334 336 337 339 340 343 344 345 350 352 355 356 358 363 364 367 369 370 374 375 378 380
   308 : 241 251 268 270 280 281 282 283 291 295 299 303 306 307 308 313 317 321 325 327 328 330 332 341 346 354 357 360 361 366 496 513 519 521 524 528 538 544 550 557
   411 : 301 315 316 329 333 335 353 372 373 381 382 383 385 386 387 388 389 390 391 394 396 397 398 401 402 403 404 407 410 411 414 416 420 422 424 425 426 428 430 431 433 434 435 436 437 439 443 444 446 448 450 452 454 455 456 457 458 459
   412 : 331 342 347 348 349 351 359 362 365 368 371 376 377 379 384 392 393 395 399 400 405 406 408 409 412 413 415 417 418 419 421 423 427 429 432 438 440 441 442 445 447 449 451 453 486 501 506 507 511 518 560
   473 : 473 477 481 483 484 485 488 489 491 492 494 497 498 499 502 503 504 505 509 510 515 522 526 533 541 542 545 547 552 554 555 556 567
SOLUTION:
  Value: 32269212
  Facilities: 14
    25 :   3  12  13  14  15  16  17  18  19  20  21  22  23  24  25  26  27  28  30  32  33  34  35  36  50  55  59  83
    78 :  37  38  40  52  75  76  77  78  79  80  81  82  84  85  86  87  88  89  90  91  92
    99 :   2   4   5   6   7   8   9  10  29  61  93  94  96  97  98  99 100 101 102 103 104 105
   112 : 106 107 110 112 113 114 115 116 117 118 124 127 132
   162 :  41  42  43  44  45  46  47  48 122 125 126 128 131 133 134 136 141 146 150 151 152 157 160 162 229 311 315
   192 : 148 154 161 163 166 168 172 173 178 181 182 188 189 190 192 199 201 202 205 207 208 214 217 220 221 225 227 233 245 250 253 258 261 262 265 267 278
   204 : 138 139 143 147 149 155 156 165 167 170 175 176 183 184 187 196 197 198 200 203 204 209 210 213 216 228 231 237 238 240 244 247 257 266 277 284 288 310 318
   224 : 142 164 185 186 193 194 195 212 223 224 226 230 243 255 508 512 514 517 527 529 535 537 540 543 546 551 553 558 559 563
   259 : 144 145 153 158 159 169 171 174 179 180 191 206 211 215 218 219 222 235 239 242 249 256 259 260 263 269 271 272 274 275 276 293 294 296 338
   302 : 177 232 234 236 246 248 252 254 264 273 279 285 286 287 289 290 292 297 298 300 302 304 305 309 312 314 319 320 322 323 324 326 334 336 337 339 340 343 344 345 350 352 355 356 358 363 364 367 369 370 374 375 378 380
   308 : 241 251 268 270 280 281 282 283 291 295 299 303 306 307 308 313 317 321 325 327 328 330 332 341 346 354 357 360 361 366 496 513 519 521 524 528 538 544 550 557
   411 : 301 316 329 333 335 353 372 373 381 382 383 385 386 387 388 389 390 391 394 396 397 398 401 402 403 404 407 410 411 414 416 420 422 424 425 426 428 430 431 433 434 435 436 437 439 443 444 446 448 450 452 454 455 456 457 458 459
   412 : 331 342 347 348 349 351 359 362 365 368 371 376 377 379 384 392 393 395 399 400 405 406 408 409 412 413 415 417 418 419 421 423 427 429 432 438 440 441 442 445 447 449 451 453 486 501 506 507 511 518 560
   473 : 473 477 481 483 484 485 488 489 491 492 494 497 498 499 502 503 504 505 509 510 515 522 526 533 541 542 545 547 552 554 555 556 567
SOLUTION:
  Value: 32258638
  Facilities: 14
    25 :   3  12  13  14  15  16  17  18  19  20  21  22  23  24  25  26  27  28  30  32  33  34  35  36  50  55  59  83
    78 :  37  38  40  52  75  76  77  78  79  80  81  82  84  85  86  87  88  89  90  91  92
    93 :   2   4   5   7   8   9  10  29  54  60  61  93  94  95  96  97  98  99 100 101 102 103 104 105
   112 : 106 107 110 112 113 114 115 116 117 118 124 127 132
   150 :  41  42  43  44  45  46  47  48 120 121 122 125 126 128 130 131 133 134 136 141 146 150 151 152 157 160 162 229
   198 : 138 139 143 147 149 155 156 165 167 170 175 176 183 197 198 203 204 209 210 213 216 228 231 234 237 238 240 244 247 254 257 266 277 284 286 288 290
   206 : 135 137 140 144 145 153 158 159 169 171 174 179 180 184 187 191 196 200 206 211 215 218 219 222 235 239 242 249 256 259 260 263 269 271 272 274 275 276 293 294 296
   224 : 142 164 185 186 193 194 195 212 223 224 226 230 243 255 270 508 512 514 517 521 527 529 535 537 540 543 546 551 553 558 559 563
   245 : 148 154 161 163 166 168 173 177 178 181 182 188 189 190 192 199 201 217 220 225 232 233 236 245 246 248 252 258 261 264 265 273 278 279 285 287 289 292 300 304 305 309 312 320 326
   282 : 172 202 205 207 208 214 221 227 241 250 251 253 262 267 268 280 281 282 283 291 295 299 303 306 307 308 313 317 321 325 327 328 330 331 332 341 342 346 347 349 354 357 359 360 361 366 496 513 524 528 538 544 550
   370 : 297 298 302 310 314 318 319 322 323 324 334 336 337 338 339 340 344 345 350 355 356 358 364 367 369 370 374 375 378 380 392 408 421
   411 : 301 315 316 329 333 335 353 372 373 381 382 383 385 386 387 388 389 390 391 394 396 397 398 401 402 403 404 407 410 411 414 416 420 422 424 425 426 428 430 431 433 434 435 436 437 439 443 444 446 448 450 452 454 455 456 457 458 459
   417 : 343 348 351 352 362 363 365 368 371 376 377 379 384 393 395 399 400 405 406 409 412 413 415 417 418 419 423 427 429 432 438 440 441 442 445 447 449 451 453 486 501 506 507 511 518 560
   473 : 473 477 481 483 484 485 488 489 491 492 494 497 498 499 502 503 504 505 509 510 515 519 522 526 533 541 542 545 547 552 554 555 556 557 567
SOLUTION:
  Value: 32245859
  Facilities: 13
    25 :   3  12  13  14  15  16  17  18  19  20  21  22  23  24  25  26  27  28  30  32  33  34  35  36  50  55  59  83
    93 :   2   4   5   7   8   9  10  29  47  54  60  61  93  94  95  96  97  98  99 100 101 102 103 104 105
   112 : 106 107 110 112 113 114 115 116 117 118 124 127 132
   141 :  44  45  48 120 121 122 125 126 128 129 130 131 133 134 136 137 140 141 144 145 146 150 151 152 157 160 162 229
   199 : 148 154 161 163 166 168 172 173 177 178 181 182 188 189 190 192 199 201 205 217 220 225 233 236 245 248 253 258 261 262 265 278
   204 : 138 139 143 147 149 155 156 165 167 170 175 176 183 184 187 196 197 198 203 204 209 210 213 216 228 231 237 238 240 244 247 257 266 277 284 288 310 318
   224 : 142 164 185 186 193 194 195 212 223 224 226 230 243 255 270 508 512 514 517 521 527 529 535 537 540 543 546 551 553 558 559 563
   242 : 135 153 158 159 169 171 174 179 180 191 200 206 211 215 218 219 222 235 239 242 249 256 259 260 263 269 271 272 274 275 276 293 294 296 338
   291 : 202 207 208 214 221 227 241 250 251 267 268 280 281 282 283 291 295 299 303 306 307 308 313 317 321 325 327 328 330 331 332 341 342 346 347 349 354 357 359 360 361 366 496 513 524 528 538 544 550 557
   302 : 232 234 246 252 254 264 273 279 285 286 287 289 290 292 297 298 300 302 304 305 309 312 314 319 320 322 323 324 326 334 336 337 339 340 343 344 345 350 352 355 356 358 362 363 364 367 369 370 374 375 378 380
   411 : 301 315 316 329 333 335 353 372 373 381 382 383 385 386 387 388 389 390 391 394 396 397 398 401 402 403 404 407 410 411 414 416 420 422 424 425 426 428 430 431 433 434 435 436 437 439 443 444 446 448 450 452 454 455 456 457 458 459
   417 : 348 351 365 368 371 376 377 379 384 392 393 395 399 400 405 406 408 409 412 413 415 417 418 419 421 423 427 429 432 438 440 441 442 445 447 449 451 453 486 501 505 506 507 511 518 519 560
   554 : 461 464 468 473 477 478 481 483 484 485 488 489 491 494 497 498 499 502 503 504 509 510 515 526 533 536 541 542 545 548 552 554 555 556 561 562 569
SOLUTION:
  Value: 32239890
  Facilities: 14
    25 :   3  12  13  14  15  16  17  18  19  20  21  22  23  24  25  26  27  28  30  32  33  34  35  36  50  55  59  83
    78 :  37  38  40  52  75  76  77  78  79  80  81  82  84  85  86  87  88  89  90  91  92
    98 :   2   4   5   7   8   9  10  29  31  41  42  47  54  60  93  94  95  96  97  98  99 100 101 102 103 104 105
   112 : 106 107 110 112 113 114 115 116 117 118 124 127 132
   141 :  44  45  48 120 121 122 125 126 128 129 130 131 133 134 136 137 140 141 144 145 146 150 151 152 157 160 162 229
   202 : 142 148 154 161 163 164 166 172 173 178 186 189 190 192 193 199 202 205 207 208 214 217 220 221 225 227 241 243 250 251 253 262 267 268 281 282
   204 : 138 139 143 147 149 155 156 165 167 170 175 176 183 184 187 196 197 198 200 203 204 209 210 213 216 228 231 237 238 240 244 247 257 266 277 284 288 310 318
   259 : 153 158 159 169 171 174 179 180 191 206 211 215 218 219 222 235 239 242 249 256 259 260 263 269 271 272 274 275 276 293 294 296 338
   302 : 168 177 181 182 188 201 232 233 234 236 245 246 248 252 254 258 261 264 273 279 285 286 287 289 290 292 297 298 300 302 304 305 309 312 314 319 320 322 323 324 326 334 336 337 339 340 343 344 345 350 352 355 356 358 363 364 367 369 370 375 378
   357 : 265 278 283 291 295 299 303 306 307 308 313 317 321 325 327 328 330 331 332 341 342 346 347 348 349 351 354 357 359 360 361 365 366 376 393 486 501 506 511 513 519 524 528 550 560
   411 : 301 315 316 329 333 335 353 372 373 381 382 383 385 386 387 388 389 390 391 394 396 397 398 401 402 403 404 407 410 411 414 416 420 422 424 425 426 428 430 431 433 434 435 436 437 439 443 444 446 448 450 452 454 455 456 457 458 459
   418 : 362 368 371 374 377 379 380 384 392 395 399 400 405 406 408 409 412 413 415 417 418 419 421 423 427 429 432 438 440 441 442 445 447 449 451 453 507 518
   473 : 473 477 481 483 484 485 488 489 491 492 494 497 498 499 502 503 504 505 509 510 515 522 526 533 541 542 545 547 552 554 555 556 567
   551 : 185 194 195 212 223 224 226 230 255 270 280 496 508 512 514 521 527 529 535 537 538 540 543 544 546 551 553 557 558 559 563
SOLUTION:
  Value: 32211806
  Facilities: 12
    25 :   3  12  13  14  15  16  17  18  19  20  21  22  23  24  25  26  27  28  30  32  33  34  35  36  50  55  59  83
    78 :  37  38  40  52  75  76  77  78  79  80  81  82  84  85  86  87  88  89  90  91  92
    93 :   2   4   5   7   8   9  10  29  47  54  60  61  93  94  95  96  97  98  99 100 101 102 103 104 105
   112 : 106 107 110 112 113 114 115 116 117 118 124 127 132
   199 : 148 154 161 163 166 168 172 173 177 178 181 182 188 189 190 192 199 201 205 214 217 220 225 232 233 236 245 246 248 250 253 258 261 262 265
   203 : 138 139 143 147 149 155 156 165 167 170 175 176 183 184 187 196 197 198 203 204 209 210 213 216 228 231 234 237 238 240 244 247 254 257 266 277 284 288 290 298 310 318 337 338
   206 : 135 137 140 144 145 153 158 159 160 169 171 174 179 180 191 200 206 211 215 218 219 222 235 239 242 249 256 259 260 263 269 271 272 274 275 276 293 294 296
   243 : 142 164 185 186 193 194 195 202 207 208 212 221 223 224 226 227 230 241 243 251 255 270 280 281 508 512 514 521 527 529 537 538 540 543 544 546 551 553 557 558 559 563
   328 : 267 268 278 282 283 291 295 299 303 306 307 308 313 317 321 325 327 328 330 331 332 341 342 346 347 349 351 354 357 359 360 361 366 376 393 413 427 486 496 501 506 511 513 519 524 528 550 560
   336 : 252 264 273 279 285 286 287 289 292 297 300 302 304 305 309 312 314 319 320 322 323 324 326 334 336 339 340 343 344 345 348 350 352 355 356 358 362 363 364 365 367 368 369 370 371 374 375 377 378 379 380 384 392 395 399 400 405 406 408 409 412 415 417 418 419 421 423 429 432 438 440 441 442 445 447 449 451 453
   411 : 301 315 316 329 333 335 353 372 373 381 382 383 385 386 387 388 389 390 391 394 396 397 398 401 402 403 404 407 410 411 414 416 420 422 424 425 426 428 430 431 433 434 435 436 437 439 443 444 446 448 450 452 454 455 456 457 458 459
   483 : 473 477 481 483 484 485 488 489 491 492 494 497 498 499 502 503 504 505 509 510 515 522 526 533 536 541 542 545 547 552 554 555 556 561 562 567
SOLUTION:
  Value: 32189727
  Facilities: 13
    25 :   3  12  13  14  15  16  17  18  19  20  21  22  23  24  25  26  27  28  30  32  33  34  35  36  50  55  59  83
    78 :  37  38  40  52  75  76  77  78  79  80  81  82  84  85  86  87  88  89  90  91  92
    93 :   2   4   5   7   8   9  10  29  47  54  60  61  93  94  95  96  97  98  99 100 101 102 103 104 105
   112 : 106 107 110 112 113 114 115 116 117 118 124 127 132
   141 :  44  45  48 120 121 122 125 126 128 129 130 131 133 134 136 137 140 141 144 145 146 150 151 152 157 160 162 229
   199 : 148 154 161 163 166 168 172 173 177 178 181 182 188 189 190 192 199 201 205 217 220 225 232 233 236 245 246 248 252 258 261 265 289 292
   224 : 142 164 185 186 193 194 195 212 223 224 226 230 243 255 270 508 512 514 517 521 527 529 535 537 540 543 546 551 553 558 559 563
   257 : 138 139 143 147 149 155 156 165 167 170 175 176 183 184 187 196 197 198 203 204 209 210 213 216 228 231 234 237 238 240 244 247 254 257 264 266 273 277 279 284 285 286 287 288 290 297 298 302 310 314 318 319 322 324 337 338 339 340 344 345 350 356 358 364 367 369 370 378
   263 : 153 158 159 169 171 174 179 180 191 200 206 211 215 218 219 222 235 239 242 249 256 259 260 263 269 271 272 274 275 276 293 294 296 301 333 335
   282 : 202 207 208 214 221 227 241 250 251 253 262 267 268 278 280 281 282 283 291 295 299 303 306 307 308 313 317 321 325 327 328 330 332 341 346 354 357 360 361 496 513 524 528 538 544 550
   379 : 300 304 305 309 312 320 323 326 331 334 336 342 343 347 348 349 351 352 355 359 362 363 365 366 368 371 374 375 376 377 379 380 384 392 393 395 399 400 405 406 408 409 412 413 415 417 418 419 421 423 427 429 432 438 440 441 442 445 447 449 451 453 486 501 506 507 511 560
   422 : 315 316 329 353 372 373 381 382 383 385 386 387 388 389 390 391 394 396 397 398 401 402 403 404 407 410 411 414 416 420 422 424 425 426 428 430 431 433 434 435 436 437 439 443 444 446 448 450 452 454 455 456 457 458 459
   473 : 473 477 481 483 484 485 488 489 491 492 494 497 498 499 502 503 504 505 509 510 515 519 522 526 533 541 542 545 547 552 554 555 556 557 567
SOLUTION:
  Value: 32177355
  Facilities: 13
    25 :   3  12  13  14  15  16  17  18  19  20  21  22  23  24  25  26  27  28  30  32  33  34  35  36  50  55  59  83
    75 :  37  38  39  40  52  75  76  77  78  79  80  81  82  84  85  86  87  88  89  90  91  92
    93 :   2   4   5   7   8   9  10  29  47  54  60  61  93  94  95  96  97  98  99 100 101 102 103 104 105
   112 : 106 107 110 112 113 114 115 116 117 118 124 127 132
   131 : 120 121 122 125 126 128 129 130 131 133 134 135 136 137 140 141 144 145 146 150 151 152 157 160 162
   199 : 148 154 161 163 166 168 172 173 177 178 181 182 188 189 190 192 199 201 205 208 214 217 220 225 232 233 236 245 246 248 252 261 273 279 285
   244 : 138 139 143 147 149 155 156 165 167 170 175 176 183 197 198 203 204 209 210 213 216 228 231 234 237 238 240 244 247 254 257 264 266 277 284 286 287 288 290 297 298 302 310 314 318 319 322 324 337 338 339 340 344 345 350 356 358 364 367 378
   259 : 153 158 159 169 171 174 179 180 184 187 191 196 200 206 211 215 218 219 222 235 239 242 249 256 259 260 263 269 271 272 274 275 276 293 294 296
   299 : 207 221 227 250 253 258 262 265 267 268 278 281 282 283 289 291 292 295 299 300 303 304 305 306 307 309 312 313 317 320 321 325 326 327 328 330 331 332 341 342 346 347 349 351 354 357 359 360 361 366 506 524 550
   406 : 323 334 336 343 348 352 355 362 363 365 368 369 370 371 374 375 376 377 379 380 384 392 393 395 399 400 405 406 408 409 412 413 415 417 418 419 421 423 427 429 432 438 440 441 442 445 447 449 451 453 486 501 507 511 518 560
   411 : 301 315 316 329 333 335 353 372 373 381 382 383 385 386 387 388 389 390 391 394 396 397 398 401 402 403 404 407 410 411 414 416 420 422 424 425 426 428 430 431 433 434 435 436 437 439 443 444 446 448 450 452 454 455 456 457 458 459
   473 : 473 477 481 483 484 485 488 489 491 492 494 497 498 499 502 503 504 505 509 510 515 519 522 526 533 541 542 545 547 552 554 555 556 567
   558 : 142 164 185 186 193 194 195 202 212 223 224 226 230 241 243 251 255 270 280 308 496 508 512 513 514 521 527 528 529 535 537 538 540 543 544 546 551 553 557 558 559 563
SOLUTION:
  Value: 32162213
  Facilities: 13
    25 :   3  12  13  14  15  16  17  18  19  20  21  22  23  24  25  26  27  28  30  32  33  34  35  36  50  55  59  83
    44 :  31  41  42  43  44  45  46  47  48 136 146 150 162 229 311
    93 :   2   4   5   7   8   9  10  29  54  60  61  93  94  95  96  97  98  99 100 101 102 103 104 105
   112 : 106 107 110 112 113 114 115 116 117 118 124 127 132
   131 : 120 121 122 125 126 128 129 130 131 133 134 135 137 140 141 144 145 151 152 157 160
   204 : 138 139 143 147 149 155 156 165 167 170 175 176 183 184 187 196 197 198 200 203 204 209 210 213 216 228 231 237 238 240 244 247 257 266 277 284 288 290 310 318 337 358 367
   224 : 142 164 185 186 193 194 195 212 223 224 226 230 243 255 270 508 512 514 517 521 527 529 535 537 540 543 546 551 553 558 559 563
   259 : 153 158 159 169 171 174 179 180 191 206 211 215 218 219 222 235 239 242 249 256 259 260 263 269 271 272 274 275 276 293 294 296 338
   279 : 148 154 161 163 166 168 177 178 181 182 188 189 190 199 201 217 225 232 233 234 236 245 246 248 252 254 258 261 264 265 273 278 279 285 286 287 289 292 297 298 300 302 304 305 309 312 314 319 320 322 323 324 326 331 334 336 339 340 343 344 345 350 352 355 356 364 369 370 375
   281 : 172 173 192 202 205 207 208 214 220 221 227 241 250 251 253 262 267 268 280 281 282 283 291 295 299 303 306 307 308 313 317 321 325 327 328 330 332 341 346 354 357 360 361 496 513 524 528 538 544 550
   411 : 301 315 316 329 333 335 353 372 373 381 382 383 385 386 387 388 389 390 391 394 396 397 398 401 402 403 404 407 410 411 414 416 420 422 424 425 426 428 430 431 433 434 435 436 437 439 443 444 446 448 450 452 454 455 456 457 458 459
   412 : 342 347 348 349 351 359 362 363 365 366 368 371 374 376 377 379 380 384 392 393 395 399 400 405 406 408 409 412 413 415 417 418 419 421 423 427 429 432 438 440 441 442 445 447 449 451 453 486 501 506 507 511 518 519 560
   473 : 473 477 481 483 484 485 488 489 491 492 494 497 498 499 502 503 504 505 509 510 515 522 526 533 541 542 545 547 552 554 555 556 557 567
SOLUTION:
  Value: 32155775
  Facilities: 15
    25 :   3  12  13  14  15  16  17  18  19  20  21  22  23  24  25  26  27  28  30  32  33  34  35  36  50  55  59  83
    78 :  37  38  40  52  75  76  77  78  79  80  81  82  84  85  86  87  88  89  90  91  92
    93 :   2   4   5   7   8   9  10  29  47  54  60  61  93  94  95  96  97  98  99 100 101 102 103 104 105
   112 : 106 107 110 112 113 114 115 116 117 118 124 127 132
   126 : 120 121 122 125 126 128 129 130 131 133 134 136 137 140 141 144 145 146 150 151 152 157 160 162
   192 : 148 154 161 163 166 168 172 173 178 181 182 188 189 190 192 199 201 205 207 208 214 217 220 221 225 227 233 250 253 258 262 265 267 268
   212 : 142 164 185 186 193 194 195 202 212 223 224 226 230 241 243 251 255 270 280 508 512 514 517 521 527 529 535 537 540 543 544 546 551 553 558 559 563
   231 : 138 139 143 147 149 155 156 165 167 170 175 176 177 183 184 187 196 197 198 203 204 209 210 213 216 228 231 234 237 238 240 244 247 254 257 266 277 284 286 288 290 297 298 310 314 318 322 324 337 338 339 340 344 356 358 364 367 378
   259 : 153 158 159 169 171 174 179 180 191 200 206 211 215 218 219 222 235 239 242 249 256 259 260 263 269 271 272 274 275 276 293 294 296
   320 : 232 236 245 246 248 252 261 264 273 278 279 285 287 289 292 299 300 302 304 305 309 312 319 320 323 326 331 334 336 343 345 348 350 352 355 362 363 365 371
   361 : 281 282 283 291 295 303 306 307 308 313 317 321 325 327 328 330 332 341 342 346 347 349 351 354 357 359 360 361 366 376 393 486 496 501 506 511 513 519 524 528 538 550 560
   411 : 301 315 316 329 333 335 353 372 373 381 382 383 385 386 387 388 389 390 391 394 396 397 398 401 402 403 404 407 410 411 414 416 420 422 424 425 426 428 430 431 433 434 435 436 437 439 443 444 446 448 450 452 454 455 456 457 458 459
   415 : 368 369 370 374 375 377 379 380 384 392 395 399 400 405 406 408 409 412 413 415 417 418 419 421 423 427 429 432 438 440 441 442 445 447 449 451 453 507 518
   473 : 473 481 483 485 488 489 491 492 494 497 498 499 502 503 504 505 509 510 515 522 526 533 541 542 545 547 554 555 556 557 567
   561 : 464 468 477 484 536 548 552 561 562 569
SOLUTION:
  Value: 32150796
  Facilities: 12
    25 :   3  12  13  14  15  16  17  18  19  20  21  22  23  24  25  26  27  28  30  32  33  34  35  36  50  55  59  83
    44 :  31  41  42  43  44  45  46  47  48 134 136 141 146 150 151 152 157 162 229 311
    93 :   2   4   5   7   8   9  10  29  54  60  61  93  94  95  96  97  98  99 100 101 102 103 104 105
   112 : 106 107 110 112 113 114 115 116 117 118 124 127 132
   204 : 138 139 143 147 149 155 156 165 167 170 175 176 183 184 187 196 197 198 200 203 204 209 210 213 216 228 231 237 238 240 244 247 257 266 277 284 288 290 310 318 337 358 367
   224 : 142 164 185 186 193 194 195 212 223 224 226 230 243 255 270 508 512 514 517 521 527 529 535 537 540 543 546 551 553 558 559 563
   259 : 144 145 153 158 159 160 169 171 174 179 180 191 206 211 215 218 219 222 235 239 242 249 256 259 260 263 269 271 272 274 275 276 293 294 296 338
   279 : 148 154 161 163 166 168 177 178 181 182 188 189 190 199 201 217 225 232 233 234 236 245 246 248 252 254 258 261 264 265 273 278 279 285 286 287 289 292 297 298 300 302 304 305 309 312 314 319 320 322 323 324 326 331 334 336 339 340 343 344 345 350 352 355 356 364 369 370 375
   281 : 172 173 192 202 205 207 208 214 220 221 227 241 250 251 253 262 267 268 280 281 282 283 291 295 299 303 306 307 308 313 317 321 325 327 328 330 332 341 346 354 357 360 361 496 513 524 528 538 544 550
   411 : 301 315 316 329 333 335 353 372 373 381 382 383 385 386 387 388 389 390 391 394 396 397 398 401 402 403 404 407 410 411 414 416 420 422 424 425 426 428 430 431 433 434 435 436 437 439 443 444 446 448 450 452 454 455 456 457 458 459
   412 : 342 347 348 349 351 359 362 363 365 366 368 371 374 376 377 379 380 384 392 393 395 399 400 405 406 408 409 412 413 415 417 418 419 421 423 427 429 432 438 440 441 442 445 447 449 451 453 486 501 506 507 511 518 519 560
   473 : 473 477 481 483 484 485 488 489 491 492 494 497 498 499 502 503 504 505 509 510 515 522 526 533 541 542 545 547 552 554 555 556 557 567
