# Time: 0.030000
# Input_file: out_prob_geo
# Pool_size: 1
# Iterations: 15
# Vision_range: 1
# Dissimilitude: MEAN_GEOMETRIC_ERROR
SOLUTION:
  Value: 30931274
  Facilities: 14
    25 :   3  12  13  14  15  16  17  18  19  20  21  22  23  24  25  26  27  28  30  32  33  34  35  36  50  55  59  83
    78 :  37  38  40  52  75  76  77  78  79  80  81  82  84  85  86  87  88  89  90  91  92
    93 :   2   4   5   7   8   9  10  29  54  60  61  93  94  95  96  97  98  99 100 101 102 103 104 105
   112 : 106 107 110 112 113 114 115 116 117 118 124 127 132
   150 :  41  42  43  44  45  46  47  48 120 121 122 125 126 128 130 131 133 134 136 141 146 150 151 152 157 162 229
   198 : 138 139 143 147 149 155 156 170 183 197 198 203 204 209 210 213 216 228 231 234 237 238 244 247 254 257 264 277 286 290 297 298
   199 : 148 154 161 163 166 168 172 173 177 178 181 182 188 189 190 192 199 201 205 208 214 217 220 225 232 233 236 245 246 248 252 261 273 279
   219 : 135 137 140 144 145 153 158 159 160 169 171 174 191 206 211 218 219 222 235 239 242 256 259 263 269 271 272 293 294 296
   240 : 165 167 175 176 179 180 184 187 196 200 215 240 249 260 266 274 275 276 284 288 310 318 337 338 367
   299 : 207 221 227 250 253 258 262 265 267 268 278 281 282 283 289 291 292 295 299 300 303 305 306 307 312 313 317 320 321 325 327 328 330 331 332 341 342 346 347 349 351 354 357 359 360 361 366 376 393 486 506 511 524 550 560
   374 : 285 287 302 304 309 314 319 322 323 324 326 334 336 339 340 343 344 345 348 350 352 355 356 358 362 363 364 365 368 369 370 371 374 375 377 378 379 380 384 392 395 399 400 405 406 408 409 412 413 415 417 418 419 421 423 427 429 432 438 440 441 442 445 447 449 451 453 507
   411 : 301 315 316 329 333 335 353 372 373 381 382 383 385 386 387 388 389 390 391 394 396 397 398 401 402 403 404 407 410 411 414 416 420 422 424 425 426 428 430 431 433 434 435 436 437 439 443 444 446 448 450 452 454 455 456 457 458 459
   473 : 473 477 481 483 484 485 488 489 491 492 494 497 498 499 502 503 504 505 509 510 515 519 522 526 533 541 542 545 547 552 554 555 556 567
   558 : 142 164 185 186 193 194 195 202 212 223 224 226 230 241 243 251 255 270 280 308 496 508 512 513 514 521 527 528 529 535 537 538 540 543 544 546 551 553 557 558 559 563
