050 0.05 0.25 48279.250000 \pm 3473.302627
050 0.05 0.50 34423.275000 \pm 2339.097582
050 0.05 0.75 24964.750000 \pm 3230.877271
050 0.05 1.00 15867.150000 \pm 2501.301537
050 0.10 0.25 70256.125000 \pm 3015.240216
050 0.10 0.50 45044.725000 \pm 3324.550842
050 0.10 0.75 29925.950000 \pm 4124.997278
050 0.10 1.00 19618.025000 \pm 4661.559827
050 0.15 0.25 84960.550000 \pm 3672.528182
050 0.15 0.50 54817.250000 \pm 3829.430485
050 0.15 0.75 34206.375000 \pm 5171.883959
050 0.15 1.00 18446.725000 \pm 5073.090946
050 0.20 0.25 95545.225000 \pm 4263.879557
050 0.20 0.50 59475.525000 \pm 5983.205805
050 0.20 0.75 36001.075000 \pm 5501.688120
050 0.20 1.00 17296.025000 \pm 4698.319159
100 0.05 0.25 90565.325000 \pm 2688.582344
100 0.05 0.50 55487.650000 \pm 2911.810369
100 0.05 0.75 31041.525000 \pm 3313.930763
100 0.05 1.00 16106.350000 \pm 4351.107753
100 0.10 0.25 122859.075000 \pm 3980.628998
100 0.10 0.50 69036.450000 \pm 4949.781753
100 0.10 0.75 36040.750000 \pm 6122.358217
100 0.10 1.00 13674.925000 \pm 5208.563849
100 0.15 0.25 146988.475000 \pm 5393.850077
100 0.15 0.50 80927.800000 \pm 5056.654666
100 0.15 0.75 36780.650000 \pm 7566.883892
100 0.15 1.00 12145.275000 \pm 6703.496397
100 0.20 0.25 164495.125000 \pm 5231.592708
100 0.20 0.50 85339.050000 \pm 6894.445184
100 0.20 0.75 37707.475000 \pm 8304.417472
100 0.20 1.00 12233.900000 \pm 7291.467204
150 0.05 0.25 134625.650000 \pm 4156.277244
150 0.05 0.50 79045.625000 \pm 3396.753683
150 0.05 0.75 43834.925000 \pm 4608.702878
150 0.05 1.00 21115.075000 \pm 4426.472243
150 0.10 0.25 181044.050000 \pm 4894.036335
150 0.10 0.50 99438.925000 \pm 6124.806076
150 0.10 0.75 48962.100000 \pm 7787.597344
150 0.10 1.00 15832.575000 \pm 6193.618542
150 0.15 0.25 214206.375000 \pm 5391.614766
150 0.15 0.50 118739.100000 \pm 7356.056698
150 0.15 0.75 51673.500000 \pm 7877.967317
150 0.15 1.00 12503.225000 \pm 6431.205402
150 0.20 0.25 242244.225000 \pm 7267.268134
150 0.20 0.50 122341.450000 \pm 9583.031616
150 0.20 0.75 50412.950000 \pm 10786.419005
150 0.20 1.00 11021.875000 \pm 8795.688396
200 0.05 0.25 178061.625000 \pm 3737.631066
200 0.05 0.50 104903.650000 \pm 4919.367050
200 0.05 0.75 54344.200000 \pm 4980.424200
200 0.05 1.00 22526.875000 \pm 4842.157562
200 0.10 0.25 236553.450000 \pm 4976.445393
200 0.10 0.50 129973.100000 \pm 8263.357537
200 0.10 0.75 63872.225000 \pm 9470.488735
200 0.10 1.00 17939.250000 \pm 7713.129883
200 0.15 0.25 280716.825000 \pm 6117.898985
200 0.15 0.50 155021.800000 \pm 8123.535887
200 0.15 0.75 64419.600000 \pm 11424.766840
200 0.15 1.00 14838.225000 \pm 8034.140049
200 0.20 0.25 323728.225000 \pm 10066.293326
200 0.20 0.50 165045.725000 \pm 10664.444676
200 0.20 0.75 62344.150000 \pm 12390.444354
200 0.20 1.00 12597.175000 \pm 11127.328675
